0000 0100 0200 0300 0400 0500 0600 0700 0800 0900 0a00 0b00 0c00 0d00 0e00 0f00
1000 1100 1200 1300 1400 1500 1600 1700 1800 1900 1a00 1b00 1c00 1d00 1e00 1f00
2000 2100 2200 2300 2400 2500 2600 2700 2800 2900 2a00 2b00 2c00 2d00 2e00 2f00
3000 3100 3200 3300 3400 3500 3600 3700 3800 3900 3a00 3b00 3c00 3d00 3e00 3f00
0000 0100 0200 0300 0400 0500 0600 0700 0800 0900 0a00 0b00 0c00 0d00 0e00 0f00
1000 1100 1200 1300 1400 1500 1600 1700 1800 1900 1a00 1b00 1c00 1d00 1e00 1f00
2000 2100 2200 2300 2400 2500 2600 2700 2800 2900 2a00 2b00 2c00 2d00 2e00 2f00
3000 3100 3200 3300 3400 3500 3600 3700 3800 3900 3a00 3b00 3c00 3d00 3e00 3f00
0000 0100 0200 0300 0400 0500 0600 0700 0800 0900 0a00 0b00 0c00 0d00 0e00 0f00
1000 1100 1200 1300 1400 1500 1600 1700 1800 1900 1a00 1b00 1c00 1d00 1e00 1f00
2000 2100 2200 2300 2400 2500 2600 2700 2800 2900 2a00 2b00 2c00 2d00 2e00 2f00
3000 3100 3200 3300 3400 3500 3600 3700 3800 3900 3a00 3b00 3c00 3d00 3e00 3f00
0000 0100 0200 0300 0400 0500 0600 0700 0800 0900 0a00 0b00 0c00 0d00 0e00 0f00
1000 1100 1200 1300 1400 1500 1600 1700 1800 1900 1a00 1b00 1c00 1d00 1e00 1f00
2000 2100 2200 2300 2400 2500 2600 2700 2800 2900 2a00 2b00 2c00 2d00 2e00 2f00
3000 3100 3200 3300 3400 3500 3600 3700 3800 3900 3a00 3b00 3c00 3d00 3e00 3f00