000 000 000 000 000 000 000 000 000 000 000 000 000 000 000 000 000 000 000 000 000 000 000 000 000 000 000 000 000 000 000 000
000 000 000 000 000 000 000 000 000 000 000 000 000 000 000 000 000 000 000 000 000 000 000 000 000 000 000 000 000 000 000 000
000 000 000 000 000 000 000 000 000 000 000 000 000 000 000 000 000 000 000 000 000 000 000 000 000 000 000 000 000 000 000 000
000 000 000 000 000 000 000 000 000 000 000 000 000 000 000 000 000 000 000 000 000 000 000 000 000 000 000 000 000 000 000 000
000 000 000 000 000 000 000 000 000 000 000 000 000 000 000 000 000 000 000 000 000 000 000 000 000 000 000 000 000 000 000 000
000 000 000 000 000 000 000 000 000 000 000 000 000 000 000 000 000 000 000 000 000 000 000 000 000 000 000 000 000 000 000 000
000 000 000 000 000 000 000 000 000 000 000 000 000 000 010 010 010 010 000 000 000 000 000 000 000 000 000 000 000 000 000 000
000 000 000 000 000 000 000 000 000 000 000 000 000 000 001 010 001 010 000 000 000 000 000 000 000 000 000 000 000 000 000 000
000 000 000 000 000 000 000 000 000 000 000 000 000 000 010 010 010 010 000 000 000 000 000 000 000 000 000 000 000 000 000 000
000 000 000 000 000 000 000 000 000 000 000 000 000 000 010 010 010 010 000 000 000 000 000 000 000 000 000 000 000 000 000 000
000 000 000 000 000 000 000 000 000 010 010 100 100 100 100 100 100 100 100 100 100 100 010 000 000 000 000 000 000 000 000 000
000 000 000 000 000 000 000 000 010 010 010 100 001 001 100 100 100 100 100 100 010 010 010 000 000 000 000 000 000 000 000 000
000 000 000 000 000 000 000 000 010 010 010 100 001 001 100 100 100 100 100 010 010 010 010 000 000 000 000 000 000 000 000 000
000 000 000 000 000 000 000 000 010 010 010 011 001 001 011 010 010 010 010 010 010 010 010 000 000 000 000 000 000 000 000 000
000 000 000 000 000 000 000 000 000 010 010 010 011 011 010 010 010 010 010 010 010 010 000 000 000 000 000 000 000 000 000 000
000 000 000 000 000 000 000 000 000 000 010 010 010 100 100 010 010 010 010 100 100 000 000 000 000 000 000 000 000 000 000 000
000 000 000 000 000 000 000 000 000 000 000 000 100 100 100 100 100 100 100 100 100 000 000 000 000 000 000 000 000 000 000 000
000 000 000 000 000 000 000 000 000 000 000 000 100 100 100 100 100 100 100 100 000 000 000 000 000 000 000 000 000 000 000 000
000 000 000 000 000 000 000 000 000 000 000 000 000 100 100 100 100 100 100 000 000 000 000 000 000 000 000 000 000 000 000 000
000 000 000 000 000 000 000 000 000 000 000 000 011 011 011 011 011 100 100 000 000 000 000 000 000 000 000 000 000 000 000 000
000 000 000 000 000 000 000 000 000 000 000 000 011 011 011 011 011 011 011 000 000 000 000 000 000 000 000 000 000 000 000 000
000 000 000 000 000 000 000 000 000 000 000 000 011 011 011 011 011 011 011 000 000 000 000 000 000 000 000 000 000 000 000 000
000 000 000 000 000 000 000 000 000 000 000 011 011 011 011 000 011 011 011 000 000 000 000 000 000 000 000 000 000 000 000 000
000 000 000 000 000 000 000 000 000 000 000 011 011 011 000 000 011 011 011 000 000 000 000 000 000 000 000 000 000 000 000 000
000 000 000 000 000 000 000 000 000 000 011 011 011 011 000 000 011 011 011 000 000 000 000 000 000 000 000 000 000 000 000 000
000 000 000 000 000 000 000 000 000 000 011 011 011 000 000 000 011 011 011 011 000 000 000 000 000 000 000 000 000 000 000 000
000 000 000 000 000 000 000 000 000 000 011 011 011 000 000 000 011 011 011 011 000 000 000 000 000 000 000 000 000 000 000 000
000 000 000 000 000 000 000 000 000 000 011 011 011 000 000 000 000 011 011 011 000 000 000 000 000 000 000 000 000 000 000 000
000 000 000 000 000 000 000 000 000 000 011 011 011 000 000 000 000 011 011 011 000 000 000 000 000 000 000 000 000 000 000 000
000 000 000 000 000 000 000 000 000 000 011 011 011 000 000 000 000 011 011 011 000 000 000 000 000 000 000 000 000 000 000 000
000 000 000 000 000 000 000 000 000 000 011 011 011 000 000 000 000 011 011 011 000 000 000 000 000 000 000 000 000 000 000 000
000 000 000 000 000 000 000 000 000 000 000 000 000 000 000 000 000 000 000 000 000 000 000 000 000 000 000 000 000 000 000 000
000 000 000 000 000 000 000 000 000 000 000 000 000 000 000 000 000 000 000 000 000 000 000 000 000 000 000 000 000 000 000 000
000 000 000 000 000 000 000 000 000 000 000 000 000 000 000 000 000 000 000 000 000 000 000 000 000 000 000 000 000 000 000 000
000 000 000 000 000 000 000 000 000 000 000 000 000 000 000 000 000 000 000 000 000 000 000 000 000 000 000 000 000 000 000 000
000 000 000 000 000 000 000 000 000 000 000 000 000 000 000 000 000 000 000 000 000 000 000 000 000 000 000 000 000 000 000 000
000 000 000 000 000 000 000 000 000 000 000 000 000 000 000 000 000 000 000 000 000 000 000 000 000 000 000 000 000 000 000 000
000 000 000 000 000 000 000 000 000 000 000 000 000 000 000 000 000 000 000 000 000 000 000 000 000 000 000 000 000 000 000 000
000 000 000 000 000 000 000 000 000 000 000 000 000 000 010 010 010 010 000 000 000 000 000 000 000 000 000 000 000 000 000 000
000 000 000 000 000 000 000 000 000 000 000 000 000 000 010 001 010 001 000 000 000 000 000 000 000 000 000 000 000 000 000 000
000 000 000 000 000 000 000 000 000 000 000 000 000 000 010 010 010 010 000 000 000 000 000 000 000 000 000 000 000 000 000 000
000 000 000 000 000 000 000 000 000 000 000 000 000 000 010 010 010 010 000 000 000 000 000 000 000 000 000 000 000 000 000 000
000 000 000 000 000 000 000 000 000 000 100 100 100 100 100 100 100 100 100 100 100 100 000 000 000 000 000 000 000 000 000 000
000 000 000 000 000 000 000 000 000 100 100 100 100 100 100 100 100 100 100 100 100 100 100 000 000 000 000 000 000 000 000 000
000 000 000 000 000 000 000 000 000 010 010 010 100 100 100 100 100 100 100 100 010 010 010 010 000 000 000 000 000 000 000 000
000 000 000 000 000 000 000 000 000 010 010 010 001 001 100 100 001 001 001 001 001 001 001 001 001 001 001 001 001 001 000 000
000 000 000 000 000 000 000 000 000 010 010 010 010 001 001 001 001 001 001 001 001 001 001 011 011 011 011 001 000 000 000 000
000 000 000 000 000 000 000 000 000 000 010 010 010 010 010 010 010 001 100 100 100 010 010 011 011 011 011 000 000 000 000 000
000 000 000 000 000 000 000 000 000 000 000 010 010 010 010 010 010 100 100 100 000 000 010 010 010 000 000 000 000 000 000 000
000 000 000 000 000 000 000 000 000 000 000 000 000 100 100 100 100 100 100 100 000 000 000 000 000 000 000 000 000 000 000 000
000 000 000 000 000 000 000 000 000 000 000 000 000 100 100 100 100 100 100 100 000 000 000 000 000 000 000 000 000 000 000 000
000 000 000 000 000 000 000 000 000 000 000 000 000 100 011 011 011 011 011 011 000 000 000 000 000 000 000 000 000 000 000 000
000 000 000 000 000 000 000 000 000 000 000 000 000 011 011 011 011 011 011 011 000 000 000 000 000 000 000 000 000 000 000 000
000 000 000 000 000 000 000 000 000 000 000 000 000 011 011 011 011 011 011 011 011 000 000 000 000 000 000 000 000 000 000 000
000 000 000 000 000 000 000 000 000 000 000 000 000 011 011 011 000 011 011 011 011 000 000 000 000 000 000 000 000 000 000 000
000 000 000 000 000 000 000 000 000 000 000 000 011 011 011 011 000 011 011 011 011 011 000 000 000 000 000 000 000 000 000 000
000 000 000 000 000 000 000 000 000 000 000 000 011 011 011 011 000 011 011 011 011 011 000 000 000 000 000 000 000 000 000 000
000 000 000 000 000 000 000 000 000 000 000 000 011 011 011 011 000 000 011 011 011 011 000 000 000 000 000 000 000 000 000 000
000 000 000 000 000 000 000 000 000 000 000 000 011 011 011 011 000 000 000 011 011 011 000 000 000 000 000 000 000 000 000 000
000 000 000 000 000 000 000 000 000 000 000 000 011 011 011 011 000 000 000 011 011 011 000 000 000 000 000 000 000 000 000 000
000 000 000 000 000 000 000 000 000 000 000 000 011 011 011 000 000 000 000 011 011 011 000 000 000 000 000 000 000 000 000 000
000 000 000 000 000 000 000 000 000 000 000 000 011 011 011 000 000 000 000 011 011 011 000 000 000 000 000 000 000 000 000 000
000 000 000 000 000 000 000 000 000 000 000 000 011 011 011 000 000 000 000 011 011 011 000 000 000 000 000 000 000 000 000 000
000 000 000 000 000 000 000 000 000 000 000 000 000 000 000 000 000 000 000 000 000 000 000 000 000 000 000 000 000 000 000 000
000 000 000 000 000 000 000 000 000 000 000 000 000 000 000 000 000 000 000 000 000 000 000 000 000 000 000 000 000 000 000 000
000 000 000 000 000 000 000 000 000 000 000 000 000 000 000 000 000 000 000 000 000 000 000 000 000 000 000 000 000 000 000 000
000 000 000 000 000 000 000 000 000 000 000 000 000 000 000 000 000 000 000 000 000 000 000 000 000 000 000 000 000 000 000 000
000 000 000 000 000 000 000 000 000 000 000 000 000 000 000 000 000 000 000 000 000 000 000 000 000 000 000 000 000 000 000 000
000 000 000 000 000 000 000 000 000 000 000 000 000 000 000 000 000 000 000 000 000 000 000 000 000 000 000 000 000 000 000 000
000 000 000 000 000 000 000 000 000 000 000 000 000 000 000 000 000 000 000 000 000 000 000 000 000 000 000 000 000 000 000 000
000 000 000 000 000 000 000 000 000 000 000 000 000 000 010 010 010 010 000 000 000 000 000 000 000 000 000 000 000 000 000 000
000 000 000 000 000 000 000 000 000 000 000 000 000 000 010 010 010 010 000 000 000 000 000 000 000 000 000 000 000 000 000 000
000 000 000 000 000 000 000 000 000 000 000 000 000 000 010 010 010 010 000 001 000 000 000 000 000 000 000 000 000 000 000 000
000 000 000 000 000 000 000 000 000 000 000 000 000 000 010 010 010 010 011 001 011 000 000 000 000 000 000 000 000 000 000 000
000 000 000 000 000 000 000 000 000 100 100 100 100 100 100 100 100 100 100 100 100 100 010 000 000 000 000 000 000 000 000 000
000 000 000 000 000 000 000 000 000 010 100 100 100 100 100 100 100 100 100 100 100 010 010 000 000 000 000 000 000 000 000 000
000 000 000 000 000 000 000 000 000 010 010 100 100 100 100 100 100 100 100 100 010 010 010 000 000 000 000 000 000 000 000 000
000 000 000 000 000 000 000 000 000 010 010 010 100 100 100 100 100 100 100 100 010 010 010 000 000 000 000 000 000 000 000 000
000 000 000 000 000 000 000 000 000 000 010 010 100 100 100 100 100 100 100 100 010 010 010 000 000 000 000 000 000 000 000 000
000 000 000 000 000 000 000 000 000 000 000 000 100 100 100 100 100 100 100 100 010 010 000 000 000 000 000 000 000 000 000 000
000 000 000 000 000 000 000 000 000 000 000 000 100 100 100 100 100 100 100 100 000 000 000 000 000 000 000 000 000 000 000 000
000 000 000 000 000 000 000 000 000 000 000 000 000 100 100 100 100 100 100 000 000 000 000 000 000 000 000 000 000 000 000 000
000 000 000 000 000 000 000 000 000 000 000 000 000 100 100 011 011 011 011 000 000 000 000 000 000 000 000 000 000 000 000 000
000 000 000 000 000 000 000 000 000 000 000 000 000 011 011 011 011 011 011 011 000 000 000 000 000 000 000 000 000 000 000 000
000 000 000 000 000 000 000 000 000 000 000 000 000 011 011 011 011 011 011 011 000 000 000 000 000 000 000 000 000 000 000 000
000 000 000 000 000 000 000 000 000 000 000 000 000 011 011 011 011 011 011 011 011 000 000 000 000 000 000 000 000 000 000 000
000 000 000 000 000 000 000 000 000 000 000 000 000 011 011 011 000 011 011 011 011 000 000 000 000 000 000 000 000 000 000 000
000 000 000 000 000 000 000 000 000 000 000 000 011 011 011 011 000 011 011 011 011 011 000 000 000 000 000 000 000 000 000 000
000 000 000 000 000 000 000 000 000 000 000 000 011 011 011 011 000 011 011 011 011 011 000 000 000 000 000 000 000 000 000 000
000 000 000 000 000 000 000 000 000 000 000 000 011 011 011 011 000 000 011 011 011 011 000 000 000 000 000 000 000 000 000 000
000 000 000 000 000 000 000 000 000 000 000 000 011 011 011 011 000 000 000 011 011 011 000 000 000 000 000 000 000 000 000 000
000 000 000 000 000 000 000 000 000 000 000 000 011 011 011 011 000 000 000 011 011 011 000 000 000 000 000 000 000 000 000 000
000 000 000 000 000 000 000 000 000 000 000 000 011 011 011 000 000 000 000 011 011 011 000 000 000 000 000 000 000 000 000 000
000 000 000 000 000 000 000 000 000 000 000 000 011 011 011 000 000 000 000 011 011 011 000 000 000 000 000 000 000 000 000 000
000 000 000 000 000 000 000 000 000 000 000 000 011 011 011 000 000 000 000 011 011 011 000 000 000 000 000 000 000 000 000 000
000 000 000 000 000 000 000 000 000 000 000 000 000 000 000 000 000 000 000 000 000 000 000 000 000 000 000 000 000 000 000 000
000 000 000 000 000 000 000 000 000 000 000 000 000 000 000 000 000 000 000 000 000 000 000 000 000 000 000 000 000 000 000 000
000 000 000 000 000 000 000 000 000 000 000 000 000 000 000 000 000 000 000 000 000 000 000 000 000 000 000 000 000 000 000 000
000 000 000 000 000 000 000 000 000 000 000 000 000 000 000 000 000 000 000 000 000 000 000 000 000 000 000 000 000 000 000 000
000 000 000 000 000 000 000 000 000 000 000 000 000 000 000 000 000 000 000 000 000 000 000 000 000 000 000 000 000 000 000 000
000 000 000 000 000 000 000 000 000 000 000 000 000 000 000 000 000 000 000 000 000 000 000 000 000 000 000 000 000 000 000 000
000 000 000 000 000 000 000 000 000 000 000 000 000 000 000 000 000 000 000 000 000 000 000 000 000 000 000 000 000 000 000 000
000 000 000 000 000 000 000 000 000 000 000 000 000 000 010 010 010 010 000 000 000 000 000 000 000 000 000 000 000 000 000 000
000 000 000 000 000 000 000 000 000 000 000 000 000 000 001 010 001 010 000 000 000 000 000 000 000 000 000 000 000 000 000 000
000 000 000 000 000 000 000 000 000 000 000 000 000 000 010 010 010 010 000 000 000 000 000 000 000 000 000 000 000 000 000 000
000 000 000 000 000 000 000 000 000 000 000 000 000 000 010 010 010 010 000 000 000 000 000 000 000 000 000 000 000 000 000 000
000 000 000 000 000 000 000 000 000 000 100 100 100 100 100 100 100 100 100 100 100 100 000 000 000 000 000 000 000 000 000 000
000 000 000 000 000 000 000 000 000 100 100 100 100 100 100 100 100 100 100 100 100 100 100 000 000 000 000 000 000 000 000 000
000 000 000 000 000 000 000 000 010 010 010 010 100 100 100 100 100 100 100 100 010 010 010 000 000 000 000 000 000 000 000 000
000 000 001 001 001 001 001 001 001 001 001 001 001 001 001 001 100 100 001 001 010 010 010 000 000 000 000 000 000 000 000 000
000 000 000 000 001 011 011 011 011 001 001 001 001 001 001 001 001 001 001 010 010 010 010 000 000 000 000 000 000 000 000 000
000 000 000 000 000 011 011 011 011 010 010 100 100 100 001 010 010 010 010 010 010 010 000 000 000 000 000 000 000 000 000 000
000 000 000 000 000 000 000 010 010 010 000 000 100 100 100 010 010 010 010 010 010 000 000 000 000 000 000 000 000 000 000 000
000 000 000 000 000 000 000 000 000 000 000 000 100 100 100 100 100 100 100 000 000 000 000 000 000 000 000 000 000 000 000 000
000 000 000 000 000 000 000 000 000 000 000 000 100 100 100 100 100 100 100 000 000 000 000 000 000 000 000 000 000 000 000 000
000 000 000 000 000 000 000 000 000 000 000 000 011 011 011 011 011 011 100 000 000 000 000 000 000 000 000 000 000 000 000 000
000 000 000 000 000 000 000 000 000 000 000 000 011 011 011 011 011 011 011 000 000 000 000 000 000 000 000 000 000 000 000 000
000 000 000 000 000 000 000 000 000 000 000 011 011 011 011 011 011 011 011 000 000 000 000 000 000 000 000 000 000 000 000 000
000 000 000 000 000 000 000 000 000 000 000 011 011 011 011 000 011 011 011 000 000 000 000 000 000 000 000 000 000 000 000 000
000 000 000 000 000 000 000 000 000 000 011 011 011 011 011 000 011 011 011 011 000 000 000 000 000 000 000 000 000 000 000 000
000 000 000 000 000 000 000 000 000 000 011 011 011 011 011 000 011 011 011 011 000 000 000 000 000 000 000 000 000 000 000 000
000 000 000 000 000 000 000 000 000 000 011 011 011 011 000 000 011 011 011 011 000 000 000 000 000 000 000 000 000 000 000 000
000 000 000 000 000 000 000 000 000 000 011 011 011 000 000 000 011 011 011 011 000 000 000 000 000 000 000 000 000 000 000 000
000 000 000 000 000 000 000 000 000 000 011 011 011 000 000 000 011 011 011 011 000 000 000 000 000 000 000 000 000 000 000 000
000 000 000 000 000 000 000 000 000 000 011 011 011 000 000 000 000 011 011 011 000 000 000 000 000 000 000 000 000 000 000 000
000 000 000 000 000 000 000 000 000 000 011 011 011 000 000 000 000 011 011 011 000 000 000 000 000 000 000 000 000 000 000 000
000 000 000 000 000 000 000 000 000 000 011 011 011 000 000 000 000 011 011 011 000 000 000 000 000 000 000 000 000 000 000 000
000 000 000 000 000 000 000 000 000 000 000 000 000 000 000 000 000 000 000 000 000 000 000 000 000 000 000 000 000 000 000 000
