000 000 000 000 000 000 000 000 000 000 000 000 000 000 000 000 000 000 000 000 000 000 000 000 000 000 000 000 000 000 000 000
000 000 000 000 000 000 000 000 000 000 000 000 000 000 000 000 000 000 000 000 000 000 000 000 000 000 000 000 000 000 000 000
000 000 000 000 000 000 000 000 000 000 000 000 000 000 000 111 000 000 000 000 000 000 000 000 000 000 000 000 000 000 000 000
000 000 000 000 000 000 000 000 000 000 000 000 000 000 000 111 000 000 000 000 000 000 000 000 000 000 000 000 000 000 000 000
000 000 000 000 000 000 000 000 000 000 000 000 000 000 000 111 000 000 000 000 000 000 000 000 000 000 000 000 000 000 000 000
000 000 000 000 000 000 000 000 000 000 000 000 111 111 111 111 111 111 111 000 000 000 000 000 000 000 000 000 000 000 000 000
000 000 000 000 000 000 000 000 000 000 111 111 000 000 000 111 000 000 000 111 111 000 000 000 000 000 000 000 000 000 000 000
000 000 000 000 000 000 000 000 000 111 000 000 000 000 000 111 000 000 000 000 000 111 000 000 000 000 000 000 000 000 000 000
000 000 000 000 000 000 000 000 111 000 000 000 000 000 000 111 000 000 000 000 000 000 111 000 000 000 000 000 000 000 000 000
000 000 000 000 000 000 000 111 000 000 000 000 000 111 111 111 111 111 000 000 000 000 000 111 000 000 000 000 000 000 000 000
000 000 000 000 000 000 111 000 000 000 000 000 111 000 000 111 000 000 111 000 000 000 000 000 111 000 000 000 000 000 000 000
000 000 000 000 000 000 111 000 000 000 000 111 000 000 000 111 000 000 000 111 000 000 000 000 111 000 000 000 000 000 000 000
000 000 000 000 000 111 000 000 000 000 111 000 000 000 000 000 000 000 000 000 111 000 000 000 000 111 000 000 000 000 000 000
000 000 000 000 000 111 000 000 000 111 000 000 000 000 000 000 000 000 000 000 000 111 000 000 000 111 000 000 000 000 000 000
000 000 000 000 000 111 000 000 000 111 000 000 000 000 000 f00 000 000 000 000 000 111 000 000 000 111 000 000 000 000 000 000
000 000 111 111 111 111 111 111 111 111 111 111 000 000 f00 f00 f00 000 000 111 111 111 111 111 111 111 111 111 111 111 000 000
000 000 000 000 000 111 000 000 000 111 000 000 000 000 000 f00 000 000 000 000 000 111 000 000 000 111 000 000 000 000 000 000
000 000 000 000 000 111 000 000 000 111 000 000 000 000 000 000 000 000 000 000 000 111 000 000 000 111 000 000 000 000 000 000
000 000 000 000 000 111 000 000 000 000 111 000 000 000 000 000 000 000 000 000 111 000 000 000 000 111 000 000 000 000 000 000
000 000 000 000 000 000 111 000 000 000 000 111 000 000 000 111 000 000 000 111 000 000 000 000 111 000 000 000 000 000 000 000
000 000 000 000 000 000 111 000 000 000 000 000 111 000 000 111 000 000 111 000 000 000 000 000 111 000 000 000 000 000 000 000
000 000 000 000 000 000 000 111 000 000 000 000 000 111 111 111 111 111 000 000 000 000 000 111 000 000 000 000 000 000 000 000
000 000 000 000 000 000 000 000 111 000 000 000 000 000 000 111 000 000 000 000 000 000 111 000 000 000 000 000 000 000 000 000
000 000 000 000 000 000 000 000 000 111 000 000 000 000 000 111 000 000 000 000 000 111 000 000 000 000 000 000 000 000 000 000
000 000 000 000 000 000 000 000 000 000 111 111 000 000 000 111 000 000 000 111 111 000 000 000 000 000 000 000 000 000 000 000
000 000 000 000 000 000 000 000 000 000 000 000 111 111 111 111 111 111 111 000 000 000 000 000 000 000 000 000 000 000 000 000
000 000 000 000 000 000 000 000 000 000 000 000 000 000 000 111 000 000 000 000 000 000 000 000 000 000 000 000 000 000 000 000
000 000 000 000 000 000 000 000 000 000 000 000 000 000 000 111 000 000 000 000 000 000 000 000 000 000 000 000 000 000 000 000
000 000 000 000 000 000 000 000 000 000 000 000 000 000 000 111 000 000 000 000 000 000 000 000 000 000 000 000 000 000 000 000
000 000 000 000 000 000 000 000 000 000 000 000 000 000 000 111 000 000 000 000 000 000 000 000 000 000 000 000 000 000 000 000
000 000 000 000 000 000 000 000 000 000 000 000 000 000 000 000 000 000 000 000 000 000 000 000 000 000 000 000 000 000 000 000
000 000 000 000 000 000 000 000 000 000 000 000 000 000 000 000 000 000 000 000 000 000 000 000 000 000 000 000 000 000 000 000